Main Descriptive Statistics Summary
========================================

               C_BID          C_ASK  UNDERLYING_LAST         STRIKE            DTE           C_IV           P_IV     Call_Price  Moneyness_Log      Tau_Years
count  643953.000000  643953.000000    643953.000000  643953.000000  643953.000000  620117.000000  642717.000000  643953.000000  643953.000000  643953.000000
mean       17.242172      17.780646       178.818701     174.847586     159.070895       0.346515       0.326799      17.511409      -0.033119       0.435811
std        15.725782      16.174647        74.754916      78.744470     210.876879       0.184212       0.148917      15.946664       0.123789       0.577745
min         0.000000       0.500000        90.340000      75.000000       0.000000      -0.000500      -0.000480       0.505000      -0.249998       0.000000
25%         5.300000       5.500000       132.260000     125.000000      21.040000       0.261980       0.241400       5.395000      -0.130471       0.057644
50%        13.550000      14.010000       155.310000     150.000000      45.000000       0.310000       0.299120      13.800000      -0.041845       0.123288
75%        24.700000      25.390000       197.960000     195.000000     217.960000       0.377050       0.370790      25.025000       0.051714       0.597151
max       161.100000     164.960000       506.190000     645.000000     898.960000       9.887170       3.375700     163.030000       0.249985       2.462904