Main Descriptive Statistics Summary
========================================

               kappa         lambda          sigma            rho             v0              r            tau  log_moneyness         price        d_kappa      d_lambda        d_sigma          d_rho          d_v0
count  199634.000000  199634.000000  199634.000000  199634.000000  199634.000000  199634.000000  199634.000000  199634.000000  1.996340e+05  199634.000000  1.996340e+05  199634.000000  199634.000000  1.996340e+05
mean        2.505260       0.500208       0.549921      -0.494708       0.505530       0.034996       1.258780      -0.001361  3.205509e-01       0.003078  1.373783e-01      -0.014135       0.011909  7.543056e-02
std         1.440482       0.288598       0.259800       0.285687       0.285648       0.037528       0.716754       0.576863  2.149892e-01       0.028626  1.302097e-01       0.024349       0.022725  6.807061e-02
min         0.010015       0.000103       0.100002      -0.989997       0.010001      -0.030000       0.013704      -0.999995  3.667531e-19      -0.284312 -9.321201e-08      -0.328863      -0.019040 -4.414447e-08
25%         1.257742       0.250308       0.324908      -0.742051       0.258267       0.002496       0.638292      -0.500845  1.257192e-01      -0.003013  3.443296e-02      -0.020839      -0.001684  3.188027e-02
50%         2.505173       0.500229       0.549905      -0.494609       0.505714       0.034994       1.258897      -0.001711  3.159090e-01       0.000153  1.076357e-01      -0.005691       0.003819  5.773177e-02
75%         3.752932       0.750153       0.774901      -0.247307       0.752896       0.067499       1.879455       0.497661  5.114978e-01       0.005494  2.056242e-01       0.000372       0.018376  9.808748e-02
max         4.999991       0.999999       0.999996      -0.000004       0.999995       0.100000       2.499992       0.999991  7.797921e-01       0.896790  1.933881e+00       0.033411       0.360990  1.313123e+00